0.04 0.59 0.93 0.34 0.18 0.98 0.59 0 0.3 0.9 0.95 0.63 0.04 0.23 0.99 0.68 0.5 0.63 0.31 0.02 0.33 0.6 0.6 0.49 0.79
0.65 0.82 0.64 0.5 0.73 0.05 0.91 0.58 0.32 0.01 0.96 0.63 0.84 0.46 0.31 0.09 0.28 0.03 0.9 0.54 0.01 0.78 0.56 0.15 0.95
0.44 0.49 0.89 0.88 0.14 0.76 0.1 0.2 0.11 0.05 0.05 0.43 0.76 0.6 0.32 0.09 0.15 0.79 0.43 0.4 0.28 0.84 0.05 0.45 0.33
0.94 0.23 0.02 0.75 0.27 0.09 0.05 0.14 0.07 0.25 0.22 0.28 0.59 0.96 0.44 0.91 0.54 0.03 0.54 0.31 0.49 0.11 0.74 0.33 0.33
0.59 0.63 0.99 0.79 0.59 0.87 0.45 0.71 0.81 0.23 0.99 0.59 0.07 0.29 0.64 0.9 0.29 0.13 0.42 0.28 0.74 0.24 0.12 0.47 0.21
0.58 0.4 0.22 0.38 0.09 0.89 0.64 0.44 0.51 0.19 0.94 0.79 0.02 0.69 0.33 0.69 0.56 0.64 0.12 0.3 0.36 0.83 0.96 0.37 0.19
0.86 0.23 0.82 0.16 0.54 0.12 0.39 0.93 0.74 0.92 0.8 0.69 0.53 0.39 0.79 0.12 0.12 0.43 0.32 0.67 0.25 0.26 0.94 0.69 0.41
0.27 0.8 0.75 0.1 0 0.76 0.58 0.61 0.32 0.87 0.69 0.26 0.71 0.31 0.07 0.59 0.69 0.16 0.67 0.21 0.14 0.94 0.88 0.89 0.1
0.24 0 0.17 0.11 0.51 0.83 0.74 0.12 0.27 0.1 0.11 1 0.76 0.76 0.13 0.45 0.04 0.78 0.22 0.69 0.15 0.99 0.86 0.6 0.1
0.4 0.83 0.05 0.63 0.13 0.44 0.74 0.29 0.18 0.38 0.41 0.84 0.34 0.49 0.71 0.12 0.64 0.41 0.16 0.59 0.59 0.62 0.45 0.66 0.61
0.7 0.74 0.47 1 0.97 0.52 0.36 0.73 0.93 0.74 0.42 0.99 0.18 0.64 0.21 0.13 0.39 0.24 0.72 0.89 0.13 0.04 0.6 0.28 0.24
0.66 0.37 0.83 0.24 0.84 0.16 1 0.78 0.28 0.41 0.91 0.41 0.88 0.4 0.86 0.1 0.43 0.15 0.1 0.98 0.96 0.12 0.26 0.89 0.32
0.96 0.07 0.28 0.09 0.34 0.08 0.32 0.63 0.72 0.74 0.24 0.51 0.67 0.39 0.93 0.62 0.03 0.77 0.81 0.03 0.34 0.93 0.67 0.24 0.75
0.42 0.97 0.78 0.87 0.78 0.07 0.13 0.42 0.71 0.45 0.63 0.54 0.57 0.07 0.29 0.71 0.66 0.55 0.46 0.7 0.32 0.82 0.78 0.3 0.22
0.36 0.61 0.72 0.86 0.7 0.89 0.32 0.87 0.3 0.15 0.94 0.38 0.7 0.86 0.19 0.4 0.54 0.1 0.24 0.3 0.84 0.86 0.33 0.27 0.97
0.53 0.77 0.08 0.1 1 0.67 0.04 0.31 0.47 0.48 0.62 0.22 0.54 0.43 0.66 0.73 0.68 0.42 0.12 0.72 0.61 0.08 0.08 0.67 0.67
0.57 0.52 0.29 0.47 0.62 0.73 0.61 0.9 0.21 0.92 0.62 0.23 0.06 0.7 0.46 0.14 0.43 0.4 0.04 0.54 0.88 0 0.45 0.02 0.34
0.4 0.88 0.2 0.11 0.64 0.33 0.38 0.54 0.4 0.84 0.97 0.5 0.89 0.47 0.33 0.5 0.53 0.17 0.93 0.74 0.68 0.34 0.56 0.59 0.45
0.24 0 0.18 0.84 0.37 0.72 0.75 0.55 0.45 0.09 0.94 0.84 0.96 0.01 0.52 0.69 0.77 0.99 0.28 0.74 0.23 0.08 0.78 0.42 0.22
0.07 0.12 0.29 0.79 0.9 0.57 0.82 0.24 0.75 0.09 0.2 0.42 0.06 0.91 0.82 0.37 0.18 0.51 0.29 0.53 0.59 0.03 0.28 0.2 0.87
0.84 0.4 0.2 0.52 0.04 0.9 0.73 0.48 0.9 0.75 0.51 0.99 0.93 0.9 0.96 0.07 0.07 0.31 0.69 0.62 0.37 0.8 0.92 0.11 0.87
0.18 0.74 0.34 0.86 0.65 0.61 0.86 0.98 0.15 0.68 0.28 0.39 0.42 0.46 0.23 0.29 0.19 0.09 0.51 0.08 1 0.41 0.19 0.26 0.5
0.26 0.08 0.38 0.45 0.2 0.57 0.93 0.82 0.76 0.36 0.45 0.5 0.26 0.23 0.84 0.39 1 0.36 0.06 0.58 0.85 0.29 0.49 0.68 0.25
0.49 0.42 0.92 0.57 0.44 0.4 0.23 0.83 0.64 0.74 0.67 0.25 0.83 0.11 0.09 0.77 0.52 0.4 0.48 0.82 0.87 0.76 0.67 0.18 0.44
0.68 0.42 0.82 0.68 0.57 0.51 0.32 0.1 0.43 0.84 0.64 0.09 0.67 0.7 0.09 0.59 0.19 0.82 0.34 0.63 0.16 0.6 0.2 0.37 0.57
0.27 0.13 0.09 0.25 0.22 0.74 0.45 0.88 0.06 0.11 0.88 0.08 0.56 0.19 0.75 0.32 0.12 0.3 0.11 0.21 0.64 0.46 0.49 0.93 0.48
0.52 0.31 0.58 0.2 0.43 0.31 0.06 0.78 0.48 0.15 0.03 0.32 0.31 0.7 0.08 0.28 0.7 0.95 0.63 0.42 0.8 0.77 0.99 0.21 0.49
0.71 0.05 0.39 0.82 0.27 0.09 0.18 0.82 0.11 0.92 0.64 0.06 0.39 0.12 0.83 0.47 0 0.59 0.93 0.68 0.61 0.89 0.76 0.47 0.85
0.13 0.81 0.76 0.63 0 0.91 0.38 0.34 0.25 0.98 0.18 0.99 0.82 0.48 0.44 0.3 0.92 0.93 0.5 0.04 0.24 0.63 0.51 0.95 0.88
0.69 0.54 0.99 0.24 0.8 0.58 0.29 0.59 0.46 0.03 0.61 0.79 0.47 0.05 0.82 0.23 0.7 0.59 0.63 0.05 0.74 0.01 0.31 0.82 0.34
0.52 0.39 0.04 0.83 0.82 0.44 0.46 0.42 0.29 0.88 0.55 0.83 0.08 0.3 0.33 0.94 0.44 0.67 0.29 0.87 0 0.56 0.01 0.29 0.79
0.86 0.48 0.54 0.5 0.89 0.61 0.03 0.37 0.93 0.4 0.04 0.98 0.83 0.68 0.36 0.91 0.59 0.59 0.27 0.29 0.94 0.13 0.82 0.21 0.71
0.77 0.62 0.91 0.56 0.97 0.78 0.42 0.47 0.87 0.07 0.1 0.96 0.01 0 0.32 0.7 0.9 0.52 0.95 0.06 0.36 0.73 0.38 0.65 0.83
0.54 0.88 0.85 0.87 0.94 0.78 0.75 0.55 0.53 0.85 0.15 0.93 0.74 0.29 0.34 0.81 0.9 0.98 0.35 0.87 0.37 0.23 0.83 0.8 0.12
0.47 0.58 0.94 0.03 0.74 0.87 0.31 0.78 0.89 0.59 0.27 0.59 0.43 0.18 0.39 0.87 0.69 0.27 0.64 0.89 0.33 0.3 0.48 0.94 0.92
0.91 0.28 0.85 0.66 0.87 0.06 0.09 0.98 0.8 0.61 0.21 0.28 0.39 0.03 0.07 0.15 0.44 0 0.9 0.3 0.97 0.02 0.82 0.68 0
0.92 0.66 0.5 0.16 0.88 0.87 0.8 0.08 0.16 0.7 0.05 0.41 0.92 0.45 0.96 0.78 0.06 0.19 0.19 0.53 0.42 0.45 0.2 0.45 0.78
0.41 0.42 0.12 0.03 0.34 0.4 0.65 0.88 0.04 0.35 0.38 0.68 0.91 0.04 0.35 0.75 0.04 0.6 0.64 0.69 0.69 0.56 0.89 0.58 0.47
0.81 0.49 0.72 0.71 0.16 0.83 0.07 0.1 0.4 0.21 0.09 0.37 0.16 0.35 0.71 0.19 0.44 0.7 0.12 0.26 0.25 0.51 0.02 0.43 0.03
0.1 0.56 0.68 0.88 0.21 0.68 0.95 0.04 0.07 0.42 0.25 0.28 0.24 0.11 0.37 0.14 0.06 0.73 0.71 0.27 0.48 0.05 0.5 0.04 0.2